Glider
3 3
0 1 0
0 0 1
1 1 1
Gosper Glider Gun
36 9
0 0 0 0 0 0 0 0 0 0 0 0 0 0 0 0 0 0 0 0 0 0 0 0 1 0 0 0 0 0 0 0 0 0 0 0
0 0 0 0 0 0 0 0 0 0 0 0 0 0 0 0 0 0 0 0 0 0 1 0 1 0 0 0 0 0 0 0 0 0 0 0
0 0 0 0 0 0 0 0 0 0 0 0 1 1 0 0 0 0 0 0 1 1 0 0 0 0 0 0 0 0 0 0 0 0 1 1
0 0 0 0 0 0 0 0 0 0 0 1 0 0 0 1 0 0 0 0 1 1 0 0 0 0 0 0 0 0 0 0 0 0 1 1
1 1 0 0 0 0 0 0 0 0 1 0 0 0 0 0 1 0 0 0 1 1 0 0 0 0 0 0 0 0 0 0 0 0 0 0
1 1 0 0 0 0 0 0 0 0 1 0 0 0 1 0 1 1 0 0 0 0 1 0 1 0 0 0 0 0 0 0 0 0 0 0
0 0 0 0 0 0 0 0 0 0 1 0 0 0 0 0 1 0 0 0 0 0 0 0 1 0 0 0 0 0 0 0 0 0 0 0
0 0 0 0 0 0 0 0 0 0 0 1 0 0 0 1 0 0 0 0 0 0 0 0 0 0 0 0 0 0 0 0 0 0 0 0
0 0 0 0 0 0 0 0 0 0 0 0 1 1 0 0 0 0 0 0 0 0 0 0 0 0 0 0 0 0 0 0 0 0 0 0
Pulsar
13 13
0 0 1 1 1 0 0 0 1 1 1 0 0
0 0 0 0 0 0 0 0 0 0 0 0 0
1 0 0 0 0 1 0 1 0 0 0 0 1
1 0 0 0 0 1 0 1 0 0 0 0 1
1 0 0 0 0 1 0 1 0 0 0 0 1
0 0 1 1 1 0 0 0 1 1 1 0 0
0 0 0 0 0 0 0 0 0 0 0 0 0
0 0 1 1 1 0 0 0 1 1 1 0 0
1 0 0 0 0 1 0 1 0 0 0 0 1
1 0 0 0 0 1 0 1 0 0 0 0 1
1 0 0 0 0 1 0 1 0 0 0 0 1
0 0 0 0 0 0 0 0 0 0 0 0 0
0 0 1 1 1 0 0 0 1 1 1 0 0
Middle- Weight Spaceship
6 4
0 0 0 1 1 0
1 1 1 0 1 1
1 1 1 1 1 0
0 1 1 1 0 0
Acorn
7 3
0 1 0 0 0 0 0
0 0 0 1 0 0 0
1 1 0 0 1 1 1
